PATTERNED STARTER
(0 5) (1 2) (4 6) (7 3)
POSSIBLE COLUMN IS
(1 2) (5 7) (3 6)

PATTERNED STARTER
(0 9) (5 8) (3 7) (4 6) (1 2)
POSSIBLE COLUMN IS
(3 6) (9 4) (5 7) (1 2)

PATTERNED STARTER
(0 5) (10 11) (4 6) (9 1) (3 7) (8 2)
POSSIBLE COLUMN IS
(1 2) (8 10) (6 9) (3 7) (11 5)

PATTERNED STARTER
(0 5) (11 12) (4 6) (10 13) (3 7) (9 1) (2 8)
POSSIBLE COLUMN IS
(12 13) (6 8) (2 5) (7 11) (9 1) (10 3)

PATTERNED STARTER
(0 5) (12 13) (4 6) (11 14) (3 7) (10 15) (2 8) (9 1)
POSSIBLE COLUMN IS
(13 14) (9 11) (3 6) (12 1) (5 10) (2 8) (15 7)

PATTERNED STARTER
(0 5) (13 14) (4 6) (12 15) (3 7) (11 16) (2 8) (10 17) (1 9)
POSSIBLE COLUMN IS
(14 15) (6 8) (10 13) (16 3) (2 7) (11 17) (5 12) (1 9)

PATTERNED STARTER
(0 5) (14 15) (4 6) (13 16) (3 7) (12 17) (2 8) (11 18) (1 9) (10 19)
POSSIBLE COLUMN IS
(15 16) (6 8) (17 1) (9 13) (5 10) (12 18) (19 7) (14 3) (2 11)

PATTERNED STARTER
(0 5) (15 16) (4 6) (14 17) (3 7) (13 18) (2 8) (12 19) (1 9) (11 20) (21 10)
POSSIBLE COLUMN IS
(16 17) (6 8) (18 21) (11 15) (19 3) (7 13) (5 12) (1 9) (14 2) (10 20)

PATTERNED STARTER
(0 5) (16 17) (4 6) (15 18) (3 7) (14 19) (2 8) (13 20) (1 9) (12 21) (23 10) (11 22)
POSSIBLE COLUMN IS
(17 18) (6 8) (19 22) (10 14) (20 2) (15 21) (5 12) (1 9) (7 16) (3 13) (23 11)

PATTERNED STARTER
(0 5) (17 18) (4 6) (16 19) (3 7) (15 20) (2 8) (14 21) (1 9) (13 22) (25 10) (12 23) (24 11)
POSSIBLE COLUMN IS
(18 19) (6 8) (20 23) (9 13) (11 16) (21 2) (3 10) (17 25) (5 14) (22 7) (15 1) (12 24)

PATTERNED STARTER
(0 5) (18 19) (4 6) (17 20) (3 7) (16 21) (2 8) (15 22) (1 9) (14 23) (27 10) (13 24) (26 11) (12 25)
POSSIBLE COLUMN IS
(19 20) (6 8) (21 24) (9 13) (2 7) (12 18) (10 17) (22 3) (23 5) (15 25) (16 27) (26 11) (1 14)

PATTERNED STARTER
(0 5) (19 20) (4 6) (18 21) (3 7) (17 22) (2 8) (16 23) (1 9) (15 24) (29 10) (14 25) (28 11) (13 26) (27 12)
POSSIBLE COLUMN IS
(20 21) (6 8) (22 25) (9 13) (24 29) (5 11) (16 23) (28 7) (10 19) (17 27) (1 12) (14 26) (2 15) (18 3)

PATTERNED STARTER
(0 5) (20 21) (4 6) (19 22) (3 7) (18 23) (2 8) (17 24) (1 9) (16 25) (31 10) (15 26) (30 11) (14 27) (29 12) (13 28)
POSSIBLE COLUMN IS
(21 22) (6 8) (23 26) (9 13) (25 30) (10 16) (7 14) (11 19) (27 5) (24 3) (20 31) (17 29) (2 15) (18 1) (28 12)

PATTERNED STARTER
(0 5) (21 22) (4 6) (20 23) (3 7) (19 24) (2 8) (18 25) (1 9) (17 26) (33 10) (16 27) (32 11) (15 28) (31 12) (14 29) (30 13)
POSSIBLE COLUMN IS
(22 23) (6 8) (24 27) (9 13) (26 31) (5 11) (28 2) (10 18) (3 12) (15 25) (21 32) (17 29) (7 20) (19 33) (1 16) (14 30)

PATTERNED STARTER
(0 5) (22 23) (4 6) (21 24) (3 7) (20 25) (2 8) (19 26) (1 9) (18 27) (35 10) (17 28) (34 11) (16 29) (33 12) (15 30) (32 13) (14 31)
POSSIBLE COLUMN IS
(23 24) (6 8) (25 28) (9 13) (27 32) (5 11) (30 2) (18 26) (7 16) (10 20) (1 12) (17 29) (21 34) (19 33) (35 15) (22 3) (14 31)

PATTERNED STARTER
(0 5) (23 24) (4 6) (22 25) (3 7) (21 26) (2 8) (20 27) (1 9) (19 28) (37 10) (18 29) (36 11) (17 30) (35 12) (16 31) (34 13) (15 32) (33 14)
POSSIBLE COLUMN IS
(24 25) (6 8) (26 29) (9 13) (28 33) (5 11) (30 37) (27 35) (14 23) (12 22) (36 10) (19 31) (7 20) (3 17) (1 16) (18 34) (15 32) (21 2)

PATTERNED STARTER
(0 5) (24 25) (4 6) (23 26) (3 7) (22 27) (2 8) (21 28) (1 9) (20 29) (39 10) (19 30) (38 11) (18 31) (37 12) (17 32) (36 13) (16 33) (35 14) (15 34)
POSSIBLE COLUMN IS
(25 26) (6 8) (27 30) (9 13) (29 34) (5 11) (31 38) (12 20) (32 2) (18 28) (10 21) (24 36) (1 14) (3 17) (7 22) (23 39) (16 33) (19 37) (35 15)

PATTERNED STARTER
(0 5) (25 26) (4 6) (24 27) (3 7) (23 28) (2 8) (22 29) (1 9) (21 30) (41 10) (20 31) (40 11) (19 32) (39 12) (18 33) (38 13) (17 34) (37 14) (16 35) (36 15)
POSSIBLE COLUMN IS
(26 27) (6 8) (28 31) (9 13) (30 35) (5 11) (32 39) (10 18) (33 1) (15 25) (12 23) (36 7) (16 29) (20 34) (2 17) (24 40) (38 14) (19 37) (3 22) (21 41)

PATTERNED STARTER
(0 5) (26 27) (4 6) (25 28) (3 7) (24 29) (2 8) (23 30) (1 9) (22 31) (43 10) (21 32) (42 11) (20 33) (41 12) (19 34) (40 13) (18 35) (39 14) (17 36) (38 15) (16 37)
POSSIBLE COLUMN IS
(27 28) (6 8) (29 32) (9 13) (31 36) (5 11) (33 40) (10 18) (30 39) (16 26) (14 25) (22 34) (37 7) (3 17) (43 15) (19 35) (38 12) (23 41) (2 21) (24 1) (42 20)

PATTERNED STARTER
(0 5) (27 28) (4 6) (26 29) (3 7) (25 30) (2 8) (24 31) (1 9) (23 32) (45 10) (22 33) (44 11) (21 34) (43 12) (20 35) (42 13) (19 36) (41 14) (18 37) (40 15) (17 38) (39 16)
POSSIBLE COLUMN IS
(28 29) (6 8) (30 33) (9 13) (32 37) (5 11) (34 41) (10 18) (31 40) (12 22) (14 25) (23 35) (39 7) (3 17) (45 15) (27 43) (19 36) (24 42) (2 21) (26 1) (44 20) (16 38)

PATTERNED STARTER
(0 5) (28 29) (4 6) (27 30) (3 7) (26 31) (2 8) (25 32) (1 9) (24 33) (47 10) (23 34) (46 11) (22 35) (45 12) (21 36) (44 13) (20 37) (43 14) (19 38) (42 15) (18 39) (41 16) (17 40)
POSSIBLE COLUMN IS
(29 30) (6 8) (31 34) (9 13) (33 38) (5 11) (35 42) (10 18) (32 41) (12 22) (17 28) (36 1) (7 20) (25 39) (47 15) (21 37) (2 19) (27 45) (44 16) (23 43) (40 14) (24 46) (3 26)
